Vector Size: 1,000,000 elements
----------------------------------------------------------------------------------------------------

Method: no-reduction
Threads    Time(ms)        Speedup      Efficiency   StdDev      
----------------------------------------------------------------------------------------------------
1          1.322804        1.0000       1.0000       0.060346    
2          0.728117        1.8167       0.9084       0.028438    
4          0.397408        3.3286       0.8321       0.026291    
8          0.243437        5.4339       0.6792       0.050761    
16         0.294221        4.4960       0.2810       0.052355    
32         0.319142        4.1449       0.1295       0.038077    
64         0.414550        3.1909       0.0499       0.011497    
128        0.822991        1.6073       0.0126       0.061631    

  Best: 5.4339x speedup at 8 threads (efficiency: 0.6792)

Method: reduction
Threads    Time(ms)        Speedup      Efficiency   StdDev      
----------------------------------------------------------------------------------------------------
1          1.170296        1.0000       1.0000       0.057605    
2          0.723471        1.6176       0.8088       0.012095    
4          0.441700        2.6495       0.6624       0.092270    
8          0.305771        3.8274       0.4784       0.014262    
16         0.326504        3.5843       0.2240       0.020414    
32         0.552625        2.1177       0.0662       0.106076    
64         0.792025        1.4776       0.0231       0.054609    
128        1.557121        0.7516       0.0059       0.080687    

  Best: 3.8274x speedup at 8 threads (efficiency: 0.4784)


Vector Size: 10,000,000 elements
----------------------------------------------------------------------------------------------------

Method: no-reduction
Threads    Time(ms)        Speedup      Efficiency   StdDev      
----------------------------------------------------------------------------------------------------
1          9.374746        1.0000       1.0000       0.025669    
2          4.698867        1.9951       0.9976       0.015508    
4          2.520050        3.7201       0.9300       0.098464    
8          1.498792        6.2549       0.7819       0.100760    
16         1.482162        6.3250       0.3953       0.031759    
32         1.533383        6.1138       0.1911       0.042797    
64         1.508208        6.2158       0.0971       0.098141    
128        1.594492        5.8795       0.0459       0.078771    

  Best: 6.3250x speedup at 16 threads (efficiency: 0.3953)

Method: reduction
Threads    Time(ms)        Speedup      Efficiency   StdDev      
----------------------------------------------------------------------------------------------------
1          9.349796        1.0000       1.0000       0.022728    
2          4.711117        1.9846       0.9923       0.023303    
4          2.484179        3.7637       0.9409       0.042301    
8          1.472204        6.3509       0.7939       0.029655    
16         1.553425        6.0188       0.3762       0.035071    
32         1.657996        5.6392       0.1762       0.055032    
64         1.742587        5.3655       0.0838       0.027726    
128        2.245983        4.1629       0.0325       0.067118    

  Best: 6.3509x speedup at 8 threads (efficiency: 0.7939)


Vector Size: 100,000,000 elements
----------------------------------------------------------------------------------------------------

Method: no-reduction
Threads    Time(ms)        Speedup      Efficiency   StdDev      
----------------------------------------------------------------------------------------------------
1          94.428046       1.0000       1.0000       0.214805    
2          47.089088       2.0053       1.0027       0.290072    
4          24.142862       3.9112       0.9778       0.053805    
8          14.042217       6.7246       0.8406       0.409555    
16         14.494075       6.5149       0.4072       0.810764    
32         14.170750       6.6636       0.2082       0.236375    
64         13.312721       7.0931       0.1108       0.279845    
128        13.240483       7.1318       0.0557       0.042490    

  Best: 7.1318x speedup at 128 threads (efficiency: 0.0557)

Method: reduction
Threads    Time(ms)        Speedup      Efficiency   StdDev      
----------------------------------------------------------------------------------------------------
1          93.497863       1.0000       1.0000       0.236242    
2          46.719783       2.0012       1.0006       0.055682    
4          24.111925       3.8777       0.9694       0.021760    
8          14.896925       6.2763       0.7845       0.629583    
16         14.934187       6.2607       0.3913       0.801902    
32         14.275284       6.5496       0.2047       0.360550    
64         13.772512       6.7887       0.1061       0.145996    
128        14.731296       6.3469       0.0496       0.264545    

  Best: 6.7887x speedup at 64 threads (efficiency: 0.1061)

